#include <iostream>

using namespace std;

int main() {
	setlocale(0, "");
	cout << "Лабиринт" << endl;
	cout << "[ + ] Размер карты:" << endl;
	cout << "[ 1 ] 15 x 15" << endl;
	cout << "[ 2 ] 20 x 20" << endl;
	cout << "[ 3 ] 30 x 30\n\n" << endl;
	cout << "[ + ] Выберите размер: ";
	int answer;
	cin >> answer;

	bool arr15[15][15] =
	{
		{1,0,0,1,1,1,1,1,1,1,1,1,1,1,1},
		{1,1,0,1,1,1,1,1,1,1,1,1,1,1,1},
		{1,1,0,1,1,1,1,1,1,1,1,1,1,1,1},
		{1,1,0,0,0,1,1,1,1,1,1,1,1,1,1},
		{1,1,1,1,0,1,1,1,1,1,1,1,1,1,1},
		{1,1,1,1,0,0,0,1,1,1,1,1,1,1,1},
		{1,1,1,1,1,1,0,1,1,1,1,1,1,1,1},
		{1,1,1,1,1,0,0,0,0,1,1,1,1,1,1},
		{1,1,1,1,1,1,0,1,0,0,0,0,0,0,1},
		{1,1,1,0,0,0,0,1,0,1,1,1,1,1,1},
		{1,1,1,0,1,1,1,1,0,0,0,0,0,0,1},
		{1,1,1,0,0,0,1,1,1,1,1,1,1,1,1},
		{1,1,1,1,1,0,1,1,1,1,1,1,1,1,1},
		{1,1,1,1,1,0,1,1,1,1,1,1,1,1,1},
		{1,1,1,1,1,0,1,1,1,1,1,1,1,1,1},

	};
	bool arr20[20][20] =
	{
		{1,0,1,1,1,1,1,1,1,1,1,1,1,1,1,1,1,1,1,1},
		{1,0,0,0,0,0,1,1,1,1,1,1,1,1,1,1,1,1,1,1},
		{1,1,1,1,1,0,0,1,1,1,1,1,1,1,1,1,1,1,1,1},
		{1,1,1,1,1,1,0,0,0,0,0,0,0,0,1,1,1,1,1,1},
		{1,1,1,1,1,1,0,1,1,1,1,1,1,0,1,1,1,1,1,1},
		{1,1,1,0,0,0,0,0,0,0,0,1,1,0,1,1,1,1,1,1},
		{1,1,1,0,1,0,1,1,1,1,0,1,1,0,1,1,1,1,1,1},
		{1,1,1,0,1,0,1,1,1,1,0,1,1,0,1,1,1,1,1,1},
		{1,1,1,0,0,0,1,0,0,0,0,1,1,0,1,1,1,1,1,1},
		{1,1,1,1,0,1,1,1,1,1,1,1,1,0,1,1,1,1,1,1},
		{1,0,0,0,0,1,1,1,1,1,1,1,1,0,1,1,1,1,1,1},
		{1,1,1,1,1,1,1,1,1,1,1,1,1,0,1,1,1,1,1,1},
		{1,1,1,1,1,1,1,1,1,1,1,1,1,0,0,1,1,1,1,1},
		{1,1,1,1,1,1,1,1,1,1,1,1,1,1,0,1,1,1,1,1},
		{1,1,1,1,1,1,1,1,1,1,1,0,0,0,0,1,1,1,1,1},
		{1,1,1,1,1,1,1,1,1,1,1,0,1,1,1,1,1,1,1,1},
		{1,1,1,1,1,1,1,1,1,1,1,0,0,1,1,1,1,1,1,1},
		{1,1,1,1,1,1,1,1,1,1,1,1,0,0,1,1,1,1,1,1},
		{1,1,1,1,1,1,1,1,1,1,1,1,1,0,1,1,1,1,1,1},
		{1,1,1,1,1,1,1,1,1,1,1,1,1,0,1,1,1,1,1,1},
	};
	bool arr30[30][30] =
	{
		{1,0,1,1,1,1,1,1,1,1,1,1,1,1,1,1,1,1,1,1,1,1,1,1,1,1,1,1,1,1},
		{1,0,0,0,1,1,1,1,1,1,0,0,0,0,0,0,0,0,0,0,1,1,1,1,1,1,1,1,1,1},
		{1,1,1,0,0,0,0,1,1,1,0,1,1,1,0,1,1,1,1,0,1,1,1,1,1,1,1,1,1,1},
		{1,1,1,1,1,1,0,0,0,0,0,1,1,1,0,1,1,1,1,0,0,1,1,1,1,1,1,1,1,1},
		{1,1,1,1,1,1,1,1,1,1,1,1,1,1,0,1,1,1,1,1,1,1,1,1,1,1,1,1,1,1},
		{1,1,1,1,1,1,1,1,1,1,1,1,1,1,0,1,1,1,1,1,1,1,1,1,1,1,1,1,1,1},
		{1,1,1,1,1,1,1,1,0,0,0,0,0,0,0,0,0,0,0,0,0,0,0,1,1,1,1,1,1,1},
		{1,1,1,1,1,1,1,1,1,1,1,1,1,1,0,1,1,1,1,1,1,1,0,1,1,1,1,1,1,1},
		{1,1,1,1,1,1,1,1,1,1,1,1,1,1,0,1,1,1,1,1,1,1,0,0,1,1,1,1,1,1},
		{1,1,1,1,1,1,1,1,1,1,1,1,1,1,0,1,1,1,1,1,1,0,0,1,1,1,1,1,1,1},
		{1,1,1,1,1,1,1,1,1,1,1,1,1,1,0,1,1,1,1,1,1,0,1,1,1,1,1,1,1,1},
		{1,1,1,1,1,1,1,1,1,1,1,1,1,1,0,0,0,0,1,1,1,1,1,1,1,1,1,1,1,1},
		{1,1,1,1,1,1,1,1,1,1,1,1,1,1,1,1,1,0,1,1,1,1,1,1,1,1,1,1,1,1},
		{1,1,1,1,1,1,1,1,1,1,1,1,1,1,1,1,1,0,1,1,1,1,1,1,1,1,1,1,1,1},
		{1,1,1,1,1,1,1,1,1,1,1,1,1,1,1,1,1,0,1,1,1,1,1,1,1,1,1,1,1,1},
		{1,1,1,1,1,1,1,1,1,1,1,1,1,1,1,1,1,0,0,0,0,1,1,1,1,1,1,1,1,1},
		{1,1,1,1,1,1,1,1,1,1,1,1,1,1,1,1,1,1,1,1,0,1,1,1,1,1,1,1,1,1},
		{1,1,1,1,1,1,1,1,1,1,1,1,1,1,1,1,0,0,0,0,0,1,1,1,1,1,1,1,1,1},
		{1,1,1,1,1,1,1,1,1,1,1,1,1,1,1,1,0,1,1,1,1,1,1,1,1,1,1,1,1,1},
		{1,1,1,1,1,1,1,1,1,1,1,1,1,1,1,1,0,1,1,1,1,1,1,1,1,1,1,1,1,1},
		{1,1,1,1,1,1,1,1,1,1,1,1,1,1,1,1,0,1,1,1,1,1,1,1,1,1,1,1,1,1},
		{1,1,1,1,1,1,1,1,1,1,1,1,1,1,1,1,0,0,0,1,1,1,1,1,1,1,1,1,1,1},
		{1,1,1,1,1,1,1,1,1,1,1,1,1,1,1,1,1,1,0,0,0,1,1,1,1,1,1,1,1,1},
		{1,1,1,1,1,1,1,1,1,1,1,1,1,1,1,1,1,1,1,1,0,0,1,1,1,1,1,1,1,1},
		{1,1,1,1,1,1,1,1,1,1,1,1,1,1,1,1,1,1,1,1,1,0,0,0,1,1,1,1,1,1},
		{1,1,1,1,1,1,1,1,1,1,1,1,1,1,1,1,1,1,1,1,1,1,1,0,1,1,1,1,1,1},
		{1,1,1,1,1,1,1,1,1,1,1,1,1,1,1,1,1,1,1,1,1,1,1,0,1,1,1,1,1,1},
		{1,1,1,1,1,1,1,1,1,1,1,1,1,1,1,1,1,1,1,0,0,0,0,0,1,1,1,1,1,1},
		{1,1,1,1,1,1,1,1,1,1,1,1,1,1,1,1,0,0,0,0,1,1,1,1,1,1,1,1,1,1},
		{1,1,1,1,1,1,1,1,1,1,1,1,1,1,1,1,0,1,1,1,1,1,1,1,1,1,1,1,1,1},
	};
	switch (answer) {
	case 1:

		for (int i = 0; i < 15; i++) {
			for (int j = 0; j < 15; j++) {
				if (arr15[i][j])
				{
					cout << "#";
				}
				else cout << " ";
			}
			cout << endl;
		}

		break;
	case 2:

		for (int i = 0; i < 20; i++)
		{
			for (int j = 0; j < 20; j++)
			{
				if (arr20[i][j])
				{
					cout << "#";
				}
				else cout << " ";
			}
			cout << endl;
		}

		break;
	case 3:

		for (int i = 0; i < 30; i++)
		{
			for (int j = 0; j < 30; j++)
			{
				if (arr30[i][j])
				{
					cout << "#";
				}
				else cout << " ";
			}
			cout << endl;
		}
		break;
		int _;
		cin >> _;
		return 0;
	}

}
